camera_matrix:
- - 184.00986157873538
  - 0.0
  - 157.56513592522126
- - 0.0
  - 184.9177139466588
  - 124.33168507040664
- - 0.0
  - 0.0
  - 1.0
dist_coeff:
- - -0.3416894998764574
  - 0.16105589596629521
  - -0.0034674316154043477
  - -0.0005332339534443404
  - -0.04351952960339068
